chan     Freq  RegPwr  HT   CTL CTL_U CTL_L DFS
   1    2412     27  HT20  1    0    1     N
   2    2417     27  HT20  1    0    1     N
   3    2422     20  HT40  1    0    1     N
   4    2427     20  HT40  1    0    1     N
   5    2432     20  HT40  1    1    1     N
   6    2437     20  HT40  1    1    1     N
   7    2442     20  HT40  1    1    1     N
   8    2447     20  HT40  1    1    0     N
   9    2452     20  HT40  1    1    0     N
   10   2457     27  HT20  1    1    0     N
   11   2462     27  HT20  1    1    0     N
   36   5180     17  HT20  1    0    1     N
   38   5190     17  HT40  1    0    0     N
   40   5200     17  HT20  1    1    0     N
   44   5220     17  HT20  1    0    1     N
   46   5230     17  HT40  1    0    0     N
   48   5240     17  HT20  1    1    0     N
   52   5260     20  HT20  1    0    1     Y
   54   5270     20  HT40  1    0    0     Y
   56   5280     20  HT20  1    1    0     Y
   60   5300     20  HT20  1    0    1     Y
   62   5310     20  HT40  1    0    0     Y
   64   5320     20  HT20  1    1    0     Y
   100  5500     20  HT20  1    0    1     Y
   102  5510     30  HT40  1    0    0     Y
   104  5520     20  HT20  1    1    0     Y
   108  5540     20  HT20  1    0    1     Y
   110  5550     30  HT40  1    0    0     Y
   112  5560     20  HT20  1    1    0     Y
   116  5580     20  HT20  1    0    1     Y
   118  5590     30  HT40  1    0    0     Y
   120  5600     20  HT20  1    1    0     Y
   124  5620     20  HT20  1    0    1     Y
   126  5630     30  HT40  1    0    0     Y
   128  5640     20  HT20  1    1    0     Y
   132  5660     20  HT20  1    0    1     Y
   134  5670     30  HT40  1    0    0     Y
   136  5680     20  HT20  1    1    0     Y
   140  5700     20  HT20  1    0    0     Y
   149  5745     30  HT20  1    0    1     N
   151  5755     30  HT40  1    0    0     N
   153  5765     30  HT20  1    1    0     N
   157  5785     30  HT20  1    0    1     N
   159  5795     30  HT40  1    0    0     N
   161  5805     30  HT20  1    1    0     N
   165  5825     30  HT20  1    0    0     N

