
     802.11a Channel spec
     
     --------   ----------
     Channel    Freq (MHz)
     --------   ----------
        7        5035
        8        5040
        9        5045
        11       5055
        12       5060
        16       5080
        34       5170
        36       5180
        38       5190
        40       5200
        42       5210
        44       5220
        46       5230
        48       5240
        52       5260
        56       5280
        60       5300
        64       5320
        100 	 5500
        104 	 5520
        108 	 5540
        112 	 5560
        116 	 5580
        120 	 5600
        124 	 5620
        128 	 5640
        132 	 5660
        136 	 5680
        140 	 5700
        149 	 5745
        153 	 5765
        157 	 5785
        161 	 5805
        165 	 5825
        183 	 4915
        184 	 4920
        185 	 4925
        187 	 4935
        188 	 4940
        189 	 4945
        192 	 4960
        196 	 4980
