   3    2422     20  HT40  1    0    1     N
   4    2427     20  HT40  1    0    1     N
   5    2432     20  HT40  1    1    1     N
   6    2437     20  HT40  1    1    1     N
   7    2442     20  HT40  1    1    1     N
   8    2447     20  HT40  1    1    0     N
   9    2452     20  HT40  1    1    0     N
   38   5190     17  HT40  1    0    0     N
   46   5230     17  HT40  1    0    0     N
   54   5270     20  HT40  1    0    0     Y
   62   5310     20  HT40  1    0    0     Y
   102  5510     30  HT40  1    0    0     Y
   110  5550     30  HT40  1    0    0     Y
   118  5590     30  HT40  1    0    0     Y
   126  5630     30  HT40  1    0    0     Y
   134  5670     30  HT40  1    0    0     Y
   151  5755     30  HT40  1    0    0     N
   159  5795     30  HT40  1    0    0     N
