

    GI = 800ns  All Rates are in Mbps
    MCS Index   Rates (20MHz)   Rates (40MHz)
    -----------------------------------------
        0           6.5             13.5
        1           13              27
        2           19.5            40.5
        3           26              54
        4           39              81
        5           52              108
        6           58.5            121.5
        7           65              135
        8           13              27
        9           26              54
        10          39              81
        11          52              108
        12          78              162
        13          104             216
        14          117             243
        15          130             270


